# the perfect student record - for scaling
"Perfect",100,200,10,10,10,10,10,10,10,10

# students

"Johnson, Sam",100,200,10,8,10,10,5,10,10,10
"White, Bill",80,160,0,8,8,8,8,8,8,0
"Green, Julia",80,160,8,0,8,8,8,3,8,8 
"Smith, Andrew",70,140,7,7,7,7,7,7,7,7
"Watts, Fred",60,120,6,6,6,6,6,6,6,6
"Manning, Charles",50,100,5,5,5,5,5,5,5,5

# commented out for short example

# "ASmith, Sam",95,194,8,9,8,8,10,9,9,9
# "BSmith, Sam",99,184,10,8,8,8,9,10,9,8
# "CSmith, Sam",88,176,9,10,8,9,10,9,9,9
# "DSmith, Sam",87,174,8,10,10,9,8,10,9,8
# "ESmith, Sam",88,172,7,8,7,9,8,7,7,9
# "FSmith, Sam",85,164,9,9,8,9,8,7,8,8
# "GSmith, Sam",88,162,9,8,8,8,8,7,7,9
# "HSmith, Sam",89,160,9,7,8,7,8,9,7,9
# "ISmith, Sam",71,156,8,7,7,8,7,7,7,8
# "JSmith, Sam",72,142,8,7,7,7,7,8,8,8
# "KSmith, Sam",70,158,8,7,8,7,7,7,7,7
# "LSmith, Sam",78,144,8,7,7,8,7,8,7,7
# "MSmith, Sam",70,158,8,7,8,7,7,8,8,8
# "NSmith, Sam",77,152,7,7,7,8,7,7,8,7
# "OSmith, Sam",74,150,7,7,8,7,7,8,7,7
# "PSmith, Sam",75,146,7,7,7,8,8,7,8,8
# "QSmith, Sam",73,142,7,7,7,8,7,7,7,8
# "RSmith, Sam",78,154,7,7,8,8,8,8,8,8
# "SSmith, Sam",76,156,7,8,8,7,8,7,7,8
# "TSmith, Sam",61,138,8,8,8,7,7,8,7,7
# "USmith, Sam",65,120,6,6,6,7,6,6,7,6
# "VSmith, Sam",67,124,6,7,7,6,7,7,7,6
# "WSmith, Sam",66,136,6,6,7,6,6,7,7,6
# "XSmith, Sam",65,122,6,7,7,7,7,6,6,7
# "YSmith, Sam",46,90,6,7,7,7,7,6,6,6
# "ZSmith, Sam",50,86,7,6,6,7,6,7,7,7
# "AWhite, Sam",95,190,9,8,9,10,10,10,9,10
# "BWhite, Sam",94,194,9,9,10,9,9,8,9,10
# "CWhite, Sam",84,160,8,10,9,8,8,10,9,9
# "DWhite, Sam",85,160,8,8,10,9,8,10,10,10
# "EWhite, Sam",89,178,8,7,8,9,8,7,7,7
# "FWhite, Sam",88,176,8,7,8,9,9,9,8,9
# "GWhite, Sam",84,164,7,9,7,8,8,7,7,7
# "HWhite, Sam",88,174,8,8,7,7,8,7,9,9
# "IWhite, Sam",76,152,7,7,8,7,8,8,7,8
# "JWhite, Sam",73,158,8,7,7,8,8,8,7,7
# "KWhite, Sam",73,140,8,8,7,8,7,8,8,7
# "LWhite, Sam",75,154,7,7,8,8,7,7,7,8
# "MWhite, Sam",72,140,7,8,8,8,8,7,7,7
# "NWhite, Sam",75,156,7,7,8,8,8,7,7,7
# "OWhite, Sam",77,158,7,7,8,7,8,7,7,8
# "PWhite, Sam",72,140,8,7,8,7,8,8,7,8
# "QWhite, Sam",73,142,7,7,8,7,7,8,8,8
# "RWhite, Sam",78,156,8,7,8,8,8,7,7,8
# "SWhite, Sam",70,152,7,7,8,8,8,7,8,7
# "TWhite, Sam",67,132,8,7,7,7,7,7,7,8
# "UWhite, Sam",63,124,6,6,7,6,6,7,7,7
# "VWhite, Sam",63,136,7,7,7,7,6,7,6,6
# "WWhite, Sam",66,128,6,6,7,7,6,6,6,6
# "XWhite, Sam",69,122,7,6,6,6,6,6,6,7
# "YWhite, Sam",53,114,6,7,6,7,6,6,6,6
# "ZWhite, Sam",44,102,6,7,7,7,7,6,7,7
